51,6,-528,38,3000,1036,1,-1,-1,-1
52,6,-514,33,2974,1041,1,-1,-1,-1
53,6,-455,60,2856,1014,1,-1,-1,-1
54,6,-416,73,2775,1002,1,-1,-1,-1
55,6,-376,85,2698,992,1,-1,-1,-1
56,6,-349,91,2638,988,1,-1,-1,-1
57,6,-376,73,2691,1007,1,-1,-1,-1
58,6,-404,54,2745,1027,1,-1,-1,-1
59,6,-431,35,2798,1047,1,-1,-1,-1
60,6,-459,16,2852,1067,1,-1,-1,-1
61,6,-486,-2,2905,1087,1,-1,-1,-1
62,6,-514,-20,2958,1106,1,-1,-1,-1
63,6,-541,-39,3011,1126,1,-1,-1,-1
64,6,-569,-58,3065,1146,1,-1,-1,-1
65,6,-596,-77,3118,1166,1,-1,-1,-1
66,6,-624,-96,3172,1186,1,-1,-1,-1
67,6,-651,-115,3225,1206,1,-1,-1,-1
68,6,-679,-133,3278,1226,1,-1,-1,-1
69,6,-706,-152,3331,1246,1,-1,-1,-1
70,6,-734,-171,3385,1266,1,-1,-1,-1
71,6,-761,-190,3438,1286,1,-1,-1,-1
72,6,-789,-209,3492,1306,1,-1,-1,-1
73,6,-816,-228,3545,1326,1,-1,-1,-1
74,6,-844,-246,3598,1345,1,-1,-1,-1
75,6,-871,-265,3651,1366,1,-1,-1,-1
76,6,-899,-284,3705,1386,1,-1,-1,-1
77,6,-926,-303,3758,1406,1,-1,-1,-1
77,9,28,72,1892,1000,1,-1,-1,-1
78,6,-954,-322,3812,1426,1,-1,-1,-1
78,9,24,68,1892,999,1,-1,-1,-1
79,6,-981,-340,3865,1445,1,-1,-1,-1
79,9,24,68,1889,998,1,-1,-1,-1
80,6,-1009,-359,3919,1465,1,-1,-1,-1
80,9,21,68,1890,997,1,-1,-1,-1
81,6,-1036,-378,3971,1485,1,-1,-1,-1
81,9,29,77,1879,991,1,-1,-1,-1
82,6,-1064,-397,4025,1506,1,-1,-1,-1
82,9,26,78,1876,988,1,-1,-1,-1
83,6,-1092,-416,4079,1526,1,-1,-1,-1
83,9,20,73,1888,993,1,-1,-1,-1
84,6,-1119,-435,4132,1546,1,-1,-1,-1
84,9,20,73,1886,992,1,-1,-1,-1
85,6,-1147,-453,4186,1565,1,-1,-1,-1
85,9,22,75,1885,991,1,-1,-1,-1
86,6,-1174,-472,4239,1585,1,-1,-1,-1
86,9,22,77,1885,989,1,-1,-1,-1
87,6,-1202,-491,4292,1605,1,-1,-1,-1
87,9,23,77,1886,989,1,-1,-1,-1
88,6,-1229,-510,4345,1625,1,-1,-1,-1
88,9,26,81,1879,984,1,-1,-1,-1
89,6,-1257,-529,4399,1646,1,-1,-1,-1
89,9,29,85,1875,980,1,-1,-1,-1
90,6,-1284,-547,4452,1665,1,-1,-1,-1
90,9,34,93,1869,976,1,-1,-1,-1
91,6,-1312,-566,4506,1685,1,-1,-1,-1
91,9,28,89,1878,980,1,-1,-1,-1
92,6,-1339,-585,4559,1705,1,-1,-1,-1
92,9,29,92,1881,980,1,-1,-1,-1
93,6,-1367,-604,4612,1725,1,-1,-1,-1
93,9,23,86,1893,986,1,-1,-1,-1
94,6,-1394,-623,4665,1745,1,-1,-1,-1
94,9,23,86,1893,986,1,-1,-1,-1
95,6,-1422,-642,4719,1765,1,-1,-1,-1
95,9,26,88,1890,985,1,-1,-1,-1
96,6,-1449,-660,4772,1785,1,-1,-1,-1
96,9,28,93,1883,980,1,-1,-1,-1
97,6,-1477,-679,4826,1805,1,-1,-1,-1
97,9,34,106,1859,963,1,-1,-1,-1
98,6,-1504,-698,4879,1825,1,-1,-1,-1
98,9,30,98,1875,971,1,-1,-1,-1
99,6,-1532,-717,4932,1845,1,-1,-1,-1
99,9,31,100,1872,969,1,-1,-1,-1
100,6,-1559,-736,4985,1865,1,-1,-1,-1
100,9,22,91,1887,977,1,-1,-1,-1
101,6,-1587,-754,5039,1884,1,-1,-1,-1
101,9,21,90,1890,978,1,-1,-1,-1
102,6,-1614,-773,5092,1904,1,-1,-1,-1
102,9,22,90,1889,977,1,-1,-1,-1
103,6,-1642,-792,5146,1925,1,-1,-1,-1
103,9,22,91,1888,976,1,-1,-1,-1
104,6,-1669,-811,5199,1945,1,-1,-1,-1
104,9,28,92,1890,978,1,-1,-1,-1
105,6,-1697,-830,5252,1965,1,-1,-1,-1
105,9,26,90,1893,981,1,-1,-1,-1
106,6,-1724,-849,5305,1985,1,-1,-1,-1
106,9,22,90,1897,982,1,-1,-1,-1
107,6,-1752,-867,5359,2004,1,-1,-1,-1
107,9,22,90,1897,982,1,-1,-1,-1
108,6,-1779,-886,5412,2024,1,-1,-1,-1
108,9,22,90,1897,983,1,-1,-1,-1
109,6,-1807,-905,5466,2044,1,-1,-1,-1
109,9,22,90,1898,983,1,-1,-1,-1
110,6,-1834,-924,5519,2065,1,-1,-1,-1
110,9,22,90,1898,983,1,-1,-1,-1
111,6,-1862,-943,5573,2085,1,-1,-1,-1
111,9,22,90,1899,984,1,-1,-1,-1
112,6,-1889,-962,5625,2105,1,-1,-1,-1
112,9,23,92,1886,976,1,-1,-1,-1
113,6,-1917,-980,5679,2124,1,-1,-1,-1
113,9,22,91,1883,973,1,-1,-1,-1
114,6,-1944,-999,5732,2144,1,-1,-1,-1
114,9,17,85,1901,984,1,-1,-1,-1
115,6,-1972,-1018,5786,2164,1,-1,-1,-1
115,9,16,84,1902,986,1,-1,-1,-1
116,6,-1999,-1037,5839,2184,1,-1,-1,-1
116,9,15,84,1904,986,1,-1,-1,-1
117,6,-2027,-1056,5893,2205,1,-1,-1,-1
117,9,15,83,1905,987,1,-1,-1,-1
118,6,-2054,-1074,5945,2224,1,-1,-1,-1
118,9,14,82,1906,988,1,-1,-1,-1
119,6,-2082,-1093,5999,2244,1,-1,-1,-1
119,9,13,82,1908,988,1,-1,-1,-1
120,6,-2109,-1112,6052,2264,1,-1,-1,-1
120,9,13,81,1909,989,1,-1,-1,-1
121,6,-2137,-1131,6106,2284,1,-1,-1,-1
121,9,12,80,1910,990,1,-1,-1,-1
122,6,-2164,-1150,6159,2304,1,-1,-1,-1
122,9,11,80,1912,990,1,-1,-1,-1
123,6,-2192,-1169,6213,2324,1,-1,-1,-1
123,9,10,79,1913,991,1,-1,-1,-1
124,6,-2219,-1187,6265,2344,1,-1,-1,-1
124,9,10,79,1914,991,1,-1,-1,-1
125,6,-2247,-1206,6319,2364,1,-1,-1,-1
125,9,9,78,1916,992,1,-1,-1,-1
126,6,-2274,-1225,6372,2384,1,-1,-1,-1
126,9,-5,63,1926,1001,1,-1,-1,-1
127,9,-7,61,1929,1002,1,-1,-1,-1
128,9,-8,58,1929,1005,1,-1,-1,-1
129,9,-10,56,1932,1007,1,-1,-1,-1
130,9,-12,54,1935,1009,1,-1,-1,-1
131,9,-14,53,1938,1009,1,-1,-1,-1
132,9,-16,51,1940,1011,1,-1,-1,-1
133,9,-18,49,1943,1013,1,-1,-1,-1
134,9,-20,48,1946,1013,1,-1,-1,-1
135,9,-23,46,1949,1015,1,-1,-1,-1
136,9,-25,44,1952,1017,1,-1,-1,-1
137,9,-27,42,1955,1018,1,-1,-1,-1
138,9,-29,41,1957,1019,1,-1,-1,-1
139,9,-31,39,1960,1021,1,-1,-1,-1
140,9,-33,37,1963,1023,1,-1,-1,-1
141,9,-35,35,1965,1024,1,-1,-1,-1
142,9,-37,34,1968,1025,1,-1,-1,-1
143,9,-39,32,1971,1027,1,-1,-1,-1
144,9,-41,30,1973,1028,1,-1,-1,-1
145,9,-43,28,1976,1030,1,-1,-1,-1
146,9,-45,27,1979,1031,1,-1,-1,-1
147,9,-47,25,1982,1032,1,-1,-1,-1
148,9,-49,23,1984,1034,1,-1,-1,-1
149,9,-51,21,1987,1036,1,-1,-1,-1
150,9,-53,20,1990,1036,1,-1,-1,-1
151,9,-55,18,1992,1038,1,-1,-1,-1
152,9,-57,16,1995,1040,1,-1,-1,-1
153,9,-59,14,1998,1041,1,-1,-1,-1
154,9,-61,13,2000,1042,1,-1,-1,-1
155,9,-63,11,2003,1044,1,-1,-1,-1
156,9,-65,9,2006,1045,1,-1,-1,-1
157,9,-67,8,2008,1046,1,-1,-1,-1
158,9,-69,6,2011,1048,1,-1,-1,-1
159,9,-71,4,2014,1049,1,-1,-1,-1
160,9,-73,2,2016,1051,1,-1,-1,-1
161,9,-75,1,2019,1052,1,-1,-1,-1
162,9,-77,0,2022,1052,1,-1,-1,-1
163,9,-79,-2,2025,1054,1,-1,-1,-1
164,9,-81,-4,2027,1056,1,-1,-1,-1
165,9,-83,-5,2030,1056,1,-1,-1,-1
166,9,-85,-7,2033,1058,1,-1,-1,-1
167,9,-88,-9,2036,1060,1,-1,-1,-1
168,9,-90,-11,2039,1061,1,-1,-1,-1
169,9,-92,-12,2042,1062,1,-1,-1,-1
170,9,-94,-14,2044,1064,1,-1,-1,-1
171,9,-96,-16,2047,1065,1,-1,-1,-1
172,9,-98,-18,2050,1067,1,-1,-1,-1
173,9,-100,-19,2052,1068,1,-1,-1,-1
174,9,-102,-21,2055,1070,1,-1,-1,-1
175,9,-104,-23,2058,1071,1,-1,-1,-1
176,9,-106,-25,2060,1073,1,-1,-1,-1
177,9,-108,-26,2063,1074,1,-1,-1,-1
178,9,-110,-28,2066,1075,1,-1,-1,-1
179,9,-112,-30,2069,1077,1,-1,-1,-1
180,9,-114,-31,2071,1078,1,-1,-1,-1
181,9,-116,-33,2074,1079,1,-1,-1,-1
182,9,-118,-35,2077,1081,1,-1,-1,-1
183,9,-120,-37,2079,1083,1,-1,-1,-1
184,9,-122,-38,2082,1083,1,-1,-1,-1
185,9,-124,-40,2085,1085,1,-1,-1,-1
186,9,-126,-42,2087,1087,1,-1,-1,-1
187,9,-128,-44,2090,1088,1,-1,-1,-1
188,9,-130,-45,2093,1089,1,-1,-1,-1
189,9,-132,-47,2095,1091,1,-1,-1,-1
190,9,-134,-49,2098,1092,1,-1,-1,-1
191,9,-136,-51,2101,1094,1,-1,-1,-1
192,9,-138,-52,2103,1095,1,-1,-1,-1
193,9,-140,-54,2106,1096,1,-1,-1,-1
194,9,-142,-56,2109,1098,1,-1,-1,-1
195,9,-144,-58,2112,1100,1,-1,-1,-1
196,9,-146,-59,2114,1100,1,-1,-1,-1
197,9,-148,-61,2117,1102,1,-1,-1,-1
198,9,-151,-63,2121,1104,1,-1,-1,-1
304,11,894,103,119,62,1,-1,-1,-1
305,11,898,103,117,61,1,-1,-1,-1
306,11,895,103,118,61,1,-1,-1,-1
307,11,898,104,116,60,1,-1,-1,-1
308,11,900,104,115,59,1,-1,-1,-1
309,11,903,104,113,59,1,-1,-1,-1
310,11,897,96,123,65,1,-1,-1,-1
311,11,898,93,128,67,1,-1,-1,-1
312,11,901,92,123,65,1,-1,-1,-1
313,11,903,90,124,65,1,-1,-1,-1
314,11,905,89,123,65,1,-1,-1,-1
315,11,906,87,123,64,1,-1,-1,-1
316,11,908,85,122,65,1,-1,-1,-1
317,11,911,88,120,64,1,-1,-1,-1
318,11,908,87,124,65,1,-1,-1,-1
319,11,896,86,123,65,1,-1,-1,-1
320,11,896,85,123,66,1,-1,-1,-1
321,11,896,84,123,66,1,-1,-1,-1
322,11,895,83,124,66,1,-1,-1,-1
323,11,895,82,124,66,1,-1,-1,-1
324,11,895,82,124,65,1,-1,-1,-1
325,11,894,81,125,66,1,-1,-1,-1
326,11,894,80,125,66,1,-1,-1,-1
327,11,894,79,125,66,1,-1,-1,-1
328,11,893,78,126,66,1,-1,-1,-1
329,11,893,77,126,67,1,-1,-1,-1
330,11,892,76,127,67,1,-1,-1,-1
331,11,892,75,127,67,1,-1,-1,-1
332,11,892,74,127,67,1,-1,-1,-1
333,11,891,73,128,67,1,-1,-1,-1
334,11,891,72,128,68,1,-1,-1,-1
335,11,891,71,128,68,1,-1,-1,-1
336,11,890,70,129,68,1,-1,-1,-1
337,11,890,69,128,68,1,-1,-1,-1
338,11,890,68,128,68,1,-1,-1,-1
339,11,889,67,129,69,1,-1,-1,-1
340,11,889,66,129,69,1,-1,-1,-1
341,11,888,65,130,69,1,-1,-1,-1
342,11,888,64,130,69,1,-1,-1,-1
343,11,888,64,130,69,1,-1,-1,-1
344,11,887,63,131,69,1,-1,-1,-1
345,11,887,62,131,69,1,-1,-1,-1
346,11,887,61,131,69,1,-1,-1,-1
347,11,886,60,132,69,1,-1,-1,-1
348,11,886,59,132,70,1,-1,-1,-1
349,11,886,58,132,70,1,-1,-1,-1
350,11,885,57,133,70,1,-1,-1,-1
351,11,885,56,133,70,1,-1,-1,-1
352,11,884,55,134,70,1,-1,-1,-1
353,11,884,54,134,71,1,-1,-1,-1
354,11,884,53,134,71,1,-1,-1,-1
355,11,883,52,134,71,1,-1,-1,-1
356,11,883,51,134,71,1,-1,-1,-1
357,11,883,50,134,72,1,-1,-1,-1
358,11,882,49,135,72,1,-1,-1,-1
359,11,882,48,135,72,1,-1,-1,-1
360,11,882,47,135,72,1,-1,-1,-1
361,11,881,46,136,72,1,-1,-1,-1
362,11,881,46,136,72,1,-1,-1,-1
363,11,881,45,136,72,1,-1,-1,-1
364,11,880,44,137,72,1,-1,-1,-1
365,11,880,43,137,72,1,-1,-1,-1
366,11,879,42,138,72,1,-1,-1,-1
367,11,879,41,138,73,1,-1,-1,-1
368,11,879,40,138,73,1,-1,-1,-1
369,11,878,39,139,73,1,-1,-1,-1
370,11,878,38,139,73,1,-1,-1,-1
371,11,878,37,139,74,1,-1,-1,-1
372,11,877,36,140,74,1,-1,-1,-1
373,11,877,35,139,74,1,-1,-1,-1
374,11,877,34,139,74,1,-1,-1,-1
375,11,876,33,140,74,1,-1,-1,-1
376,11,876,32,140,75,1,-1,-1,-1
377,11,875,31,141,75,1,-1,-1,-1
378,11,875,30,141,75,1,-1,-1,-1
379,11,875,29,141,75,1,-1,-1,-1
380,11,874,28,142,76,1,-1,-1,-1
381,11,874,28,142,75,1,-1,-1,-1
382,11,874,27,142,75,1,-1,-1,-1
383,11,873,26,143,75,1,-1,-1,-1
384,11,873,25,143,75,1,-1,-1,-1
385,11,873,24,143,76,1,-1,-1,-1
386,11,872,23,144,76,1,-1,-1,-1
387,11,872,22,144,76,1,-1,-1,-1
388,11,871,21,145,76,1,-1,-1,-1
389,11,871,20,145,76,1,-1,-1,-1
512,29,1762,591,165,415,1,-1,-1,-1
513,29,1774,612,155,394,1,-1,-1,-1
514,29,1782,620,150,380,1,-1,-1,-1
515,29,1790,628,145,367,1,-1,-1,-1
516,29,1798,636,140,354,1,-1,-1,-1
517,29,1806,644,134,341,1,-1,-1,-1
518,29,1768,624,165,425,1,-1,-1,-1
519,29,1769,628,165,425,1,-1,-1,-1
520,29,1770,632,166,426,1,-1,-1,-1
521,29,1771,636,166,427,1,-1,-1,-1
522,29,1772,640,167,428,1,-1,-1,-1
523,29,1773,644,167,429,1,-1,-1,-1
524,29,1774,647,168,431,1,-1,-1,-1
525,29,1775,651,168,432,1,-1,-1,-1
526,29,1776,655,168,433,1,-1,-1,-1
527,29,1777,659,169,434,1,-1,-1,-1
528,29,1778,663,169,435,1,-1,-1,-1
529,29,1779,667,170,436,1,-1,-1,-1
530,29,1780,670,170,438,1,-1,-1,-1
531,29,1781,674,171,439,1,-1,-1,-1
532,29,1782,678,171,440,1,-1,-1,-1
533,29,1783,682,172,440,1,-1,-1,-1
534,29,1784,686,172,441,1,-1,-1,-1
535,29,1785,690,172,442,1,-1,-1,-1
536,29,1786,693,173,444,1,-1,-1,-1
537,29,1787,697,173,445,1,-1,-1,-1
538,29,1788,701,174,446,1,-1,-1,-1
539,29,1789,705,174,447,1,-1,-1,-1
540,29,1790,709,175,448,1,-1,-1,-1
541,29,1791,713,175,449,1,-1,-1,-1
542,29,1792,717,176,450,1,-1,-1,-1
543,29,1793,720,176,452,1,-1,-1,-1
544,29,1794,724,176,453,1,-1,-1,-1
545,29,1795,728,177,454,1,-1,-1,-1
546,29,1796,732,177,455,1,-1,-1,-1
547,29,1797,736,178,456,1,-1,-1,-1
548,29,1798,740,178,456,1,-1,-1,-1
549,29,1799,743,179,458,1,-1,-1,-1
550,29,1800,747,179,459,1,-1,-1,-1
551,29,1801,751,180,460,1,-1,-1,-1
552,29,1802,755,180,461,1,-1,-1,-1
553,29,1803,759,180,462,1,-1,-1,-1
554,29,1804,763,181,463,1,-1,-1,-1
555,29,1805,767,181,464,1,-1,-1,-1
556,29,1806,770,182,466,1,-1,-1,-1
557,29,1807,774,182,467,1,-1,-1,-1
558,29,1809,778,182,468,1,-1,-1,-1
559,29,1810,782,182,469,1,-1,-1,-1
560,29,1811,786,183,470,1,-1,-1,-1
561,29,1812,790,183,471,1,-1,-1,-1
562,29,1813,793,183,472,1,-1,-1,-1
563,29,1814,797,184,473,1,-1,-1,-1
564,29,1815,801,184,474,1,-1,-1,-1
565,29,1816,805,185,475,1,-1,-1,-1
566,29,1817,809,185,476,1,-1,-1,-1
567,29,1818,813,186,477,1,-1,-1,-1
568,29,1819,816,186,479,1,-1,-1,-1
569,29,1820,820,187,480,1,-1,-1,-1
570,29,1821,824,187,481,1,-1,-1,-1
571,29,1822,828,187,482,1,-1,-1,-1
572,29,1823,832,188,483,1,-1,-1,-1
573,29,1824,836,188,484,1,-1,-1,-1
574,29,1825,840,189,485,1,-1,-1,-1
575,29,1826,843,189,487,1,-1,-1,-1
576,29,1827,847,190,487,1,-1,-1,-1
577,29,1828,851,190,488,1,-1,-1,-1
578,29,1829,855,191,489,1,-1,-1,-1
579,29,1830,859,191,490,1,-1,-1,-1
580,29,1831,863,191,491,1,-1,-1,-1
581,29,1832,866,192,493,1,-1,-1,-1
582,29,1833,870,192,494,1,-1,-1,-1
583,29,1834,874,193,495,1,-1,-1,-1
584,29,1835,878,193,496,1,-1,-1,-1
585,29,1836,882,194,497,1,-1,-1,-1
586,29,1837,886,194,498,1,-1,-1,-1
587,29,1838,890,195,499,1,-1,-1,-1
588,29,1839,893,195,501,1,-1,-1,-1
984,34,1716,812,198,261,1,-1,-1,-1
985,34,1712,809,200,263,1,-1,-1,-1
986,34,1708,806,202,266,1,-1,-1,-1
987,34,1704,803,203,268,1,-1,-1,-1
988,34,1700,800,205,270,1,-1,-1,-1
989,34,1696,797,207,273,1,-1,-1,-1
990,34,1692,794,209,275,1,-1,-1,-1
991,34,1688,791,210,278,1,-1,-1,-1
992,34,1684,788,212,280,1,-1,-1,-1
993,34,1679,785,215,282,1,-1,-1,-1
994,34,1675,783,216,284,1,-1,-1,-1
995,34,1671,780,218,286,1,-1,-1,-1
996,34,1667,777,220,289,1,-1,-1,-1
997,34,1663,774,222,291,1,-1,-1,-1
998,34,1659,771,223,293,1,-1,-1,-1
999,34,1655,768,225,296,1,-1,-1,-1
1000,34,1651,765,227,298,1,-1,-1,-1
1001,34,1647,762,229,300,1,-1,-1,-1
1002,34,1643,759,230,303,1,-1,-1,-1
1003,34,1639,756,232,305,1,-1,-1,-1
1004,34,1635,753,234,308,1,-1,-1,-1
1005,34,1631,750,235,310,1,-1,-1,-1
1006,34,1627,747,237,312,1,-1,-1,-1
1007,34,1623,744,239,315,1,-1,-1,-1
1008,34,1619,741,241,317,1,-1,-1,-1
1009,34,1615,738,242,319,1,-1,-1,-1
1010,34,1611,735,244,322,1,-1,-1,-1
1011,34,1607,732,246,324,1,-1,-1,-1
1012,34,1603,729,248,327,1,-1,-1,-1
1013,34,1599,726,249,329,1,-1,-1,-1
1014,34,1595,724,251,330,1,-1,-1,-1
1015,34,1590,721,254,333,1,-1,-1,-1
1016,34,1586,718,255,335,1,-1,-1,-1
1017,34,1582,715,257,337,1,-1,-1,-1
1018,34,1578,712,259,340,1,-1,-1,-1
1019,34,1574,709,261,342,1,-1,-1,-1
1020,34,1570,706,262,345,1,-1,-1,-1
1021,34,1566,703,264,347,1,-1,-1,-1
1022,34,1562,700,266,349,1,-1,-1,-1
1023,34,1558,697,268,352,1,-1,-1,-1
1024,34,1554,694,269,354,1,-1,-1,-1
1025,34,1550,691,271,357,1,-1,-1,-1
1026,34,1546,688,273,359,1,-1,-1,-1
1027,34,1542,685,274,361,1,-1,-1,-1
1028,34,1538,682,276,364,1,-1,-1,-1
1029,34,1534,679,278,366,1,-1,-1,-1
1030,34,1530,676,280,368,1,-1,-1,-1
1031,34,1526,673,281,371,1,-1,-1,-1
1032,34,1522,670,283,373,1,-1,-1,-1
1033,34,1518,667,285,376,1,-1,-1,-1
1034,34,1514,665,287,377,1,-1,-1,-1
1035,34,1510,662,288,379,1,-1,-1,-1
1036,34,1506,659,290,382,1,-1,-1,-1
1037,34,1502,656,292,384,1,-1,-1,-1
1038,34,1497,653,294,386,1,-1,-1,-1
1039,34,1493,650,296,389,1,-1,-1,-1
1040,34,1489,647,298,391,1,-1,-1,-1
1041,34,1485,644,300,394,1,-1,-1,-1
1042,34,1481,641,301,396,1,-1,-1,-1
1043,34,1477,638,303,398,1,-1,-1,-1
1044,34,1473,635,305,401,1,-1,-1,-1
1045,34,1469,632,307,403,1,-1,-1,-1
1046,34,1465,629,308,405,1,-1,-1,-1
1047,34,1461,626,310,408,1,-1,-1,-1
1048,34,1457,623,312,410,1,-1,-1,-1
1049,34,1453,620,313,413,1,-1,-1,-1
1050,34,1449,617,315,415,1,-1,-1,-1
1051,34,1445,614,317,417,1,-1,-1,-1
1052,34,1441,611,319,420,1,-1,-1,-1
1053,34,1437,608,320,422,1,-1,-1,-1
1054,34,1433,606,322,424,1,-1,-1,-1
1224,38,28,240,303,157,1,-1,-1,-1
1225,38,42,240,302,156,1,-1,-1,-1
1226,38,55,240,301,156,1,-1,-1,-1
1227,38,69,240,299,155,1,-1,-1,-1
1228,38,-9,236,311,162,1,-1,-1,-1
1229,38,-12,235,306,162,1,-1,-1,-1
1230,38,-17,234,306,163,1,-1,-1,-1
1231,38,-15,233,302,161,1,-1,-1,-1
1232,38,-16,231,299,162,1,-1,-1,-1
1233,38,-17,230,295,162,1,-1,-1,-1
1234,38,-18,229,293,162,1,-1,-1,-1
1235,38,-21,229,293,162,1,-1,-1,-1
1236,38,-23,228,293,162,1,-1,-1,-1
1237,38,-26,227,293,162,1,-1,-1,-1
1238,38,-29,226,294,163,1,-1,-1,-1
1239,38,-32,225,295,163,1,-1,-1,-1
1240,38,-35,224,295,163,1,-1,-1,-1
1241,38,-38,223,296,164,1,-1,-1,-1
1242,38,-41,222,296,164,1,-1,-1,-1
1243,38,-43,221,296,165,1,-1,-1,-1
1244,38,-46,221,297,164,1,-1,-1,-1
1245,38,-49,220,297,164,1,-1,-1,-1
1246,38,-52,219,298,165,1,-1,-1,-1
1247,38,-55,218,298,165,1,-1,-1,-1
1248,38,-58,217,299,165,1,-1,-1,-1
1249,38,-61,216,299,166,1,-1,-1,-1
1250,38,-63,215,299,166,1,-1,-1,-1
1251,38,-66,214,300,166,1,-1,-1,-1
1252,38,-69,213,300,167,1,-1,-1,-1
1253,38,-72,213,301,166,1,-1,-1,-1
1254,38,-75,212,301,166,1,-1,-1,-1
1255,38,-78,211,302,167,1,-1,-1,-1
1256,38,-81,210,303,167,1,-1,-1,-1
1257,38,-83,209,302,167,1,-1,-1,-1
1258,38,-86,208,303,168,1,-1,-1,-1
1259,38,-89,207,303,168,1,-1,-1,-1
1260,38,-92,206,304,169,1,-1,-1,-1
1261,38,-95,205,305,169,1,-1,-1,-1
1262,38,-98,205,305,168,1,-1,-1,-1
1263,38,-101,204,306,169,1,-1,-1,-1
1264,38,-103,203,305,169,1,-1,-1,-1
1265,38,-106,202,306,169,1,-1,-1,-1
1266,38,-109,201,306,170,1,-1,-1,-1
1267,38,-112,200,307,170,1,-1,-1,-1
1268,38,-115,199,308,170,1,-1,-1,-1
1269,38,-118,198,308,171,1,-1,-1,-1
1270,38,-121,197,309,171,1,-1,-1,-1
1271,38,-123,197,308,170,1,-1,-1,-1
1272,38,-126,196,309,171,1,-1,-1,-1
1273,38,-129,195,310,171,1,-1,-1,-1
1274,38,-132,194,310,172,1,-1,-1,-1
1275,38,-135,193,311,172,1,-1,-1,-1
1276,38,-138,192,311,172,1,-1,-1,-1
1277,38,-141,191,312,173,1,-1,-1,-1
1278,38,-143,190,311,173,1,-1,-1,-1
1279,38,-146,189,312,173,1,-1,-1,-1
1280,38,-149,189,313,173,1,-1,-1,-1
1281,38,-152,188,313,173,1,-1,-1,-1
1282,38,-155,187,314,173,1,-1,-1,-1
1283,38,-158,186,314,174,1,-1,-1,-1
1284,38,-161,185,315,174,1,-1,-1,-1
1285,38,-163,184,315,174,1,-1,-1,-1
1286,38,-166,183,315,175,1,-1,-1,-1
1287,38,-169,182,316,175,1,-1,-1,-1
1288,38,-172,181,316,175,1,-1,-1,-1
1289,38,-175,181,317,175,1,-1,-1,-1
1290,38,-178,180,317,175,1,-1,-1,-1
1291,38,-181,179,318,176,1,-1,-1,-1
1292,38,-183,178,318,176,1,-1,-1,-1
1293,38,-186,177,318,176,1,-1,-1,-1
1294,38,-189,176,319,177,1,-1,-1,-1
1295,38,-192,175,319,177,1,-1,-1,-1
1296,38,-195,174,320,177,1,-1,-1,-1
1297,38,-198,173,321,178,1,-1,-1,-1
1298,38,-201,172,321,178,1,-1,-1,-1
1299,38,-203,172,321,177,1,-1,-1,-1
1300,38,-206,171,321,178,1,-1,-1,-1
1301,38,-209,170,322,178,1,-1,-1,-1
1302,38,-212,169,323,178,1,-1,-1,-1
1303,38,-215,168,323,179,1,-1,-1,-1
1304,38,-218,167,324,179,1,-1,-1,-1
2200,40,20,4,1895,1069,1,-1,-1,-1
2201,40,23,4,1888,1065,1,-1,-1,-1
2202,40,24,5,1888,1065,1,-1,-1,-1
2203,40,29,8,1879,1060,1,-1,-1,-1
2204,40,39,21,1854,1042,1,-1,-1,-1
2205,40,24,9,1884,1059,1,-1,-1,-1
2206,40,27,14,1876,1053,1,-1,-1,-1
2207,40,28,14,1874,1051,1,-1,-1,-1
2208,40,20,7,1887,1059,1,-1,-1,-1
2209,40,14,2,1900,1065,1,-1,-1,-1
2210,40,13,0,1904,1068,1,-1,-1,-1
2211,40,13,5,1900,1064,1,-1,-1,-1
2212,40,21,13,1888,1058,1,-1,-1,-1
2213,40,20,4,1905,1069,1,-1,-1,-1
2214,40,15,1,1913,1075,1,-1,-1,-1
2215,40,11,0,1918,1078,1,-1,-1,-1
2216,40,12,0,1916,1078,1,-1,-1,-1
2217,40,9,0,1917,1079,1,-1,-1,-1
2218,40,11,0,1911,1076,1,-1,-1,-1
2219,40,16,0,1908,1075,1,-1,-1,-1
2220,40,19,0,1897,1069,1,-1,-1,-1
2221,40,18,0,1891,1066,1,-1,-1,-1
2222,40,18,0,1890,1065,1,-1,-1,-1
2223,40,21,0,1890,1065,1,-1,-1,-1
2224,40,21,0,1890,1064,1,-1,-1,-1
2225,40,22,0,1888,1064,1,-1,-1,-1
2226,40,22,-1,1888,1064,1,-1,-1,-1
2227,40,22,-1,1887,1063,1,-1,-1,-1
2228,40,22,-1,1887,1062,1,-1,-1,-1
2229,40,23,-1,1885,1062,1,-1,-1,-1
2230,40,23,-2,1885,1062,1,-1,-1,-1
2231,40,23,-2,1884,1061,1,-1,-1,-1
2232,40,24,-2,1883,1060,1,-1,-1,-1
2233,40,24,-3,1882,1061,1,-1,-1,-1
2234,40,24,-3,1882,1060,1,-1,-1,-1
2235,40,24,-3,1881,1059,1,-1,-1,-1
2236,40,25,-4,1880,1060,1,-1,-1,-1
2237,40,25,-4,1879,1059,1,-1,-1,-1
2238,40,25,-4,1879,1058,1,-1,-1,-1
2239,40,26,-4,1877,1057,1,-1,-1,-1
2240,40,26,-5,1877,1058,1,-1,-1,-1
2241,40,26,-5,1876,1057,1,-1,-1,-1
2242,40,27,-5,1874,1056,1,-1,-1,-1
2243,40,27,-6,1874,1056,1,-1,-1,-1
2244,40,27,-6,1873,1056,1,-1,-1,-1
2245,40,27,-6,1873,1055,1,-1,-1,-1
2246,40,28,-6,1871,1054,1,-1,-1,-1
2247,40,28,-7,1871,1054,1,-1,-1,-1
2248,40,28,-7,1870,1054,1,-1,-1,-1
2249,40,29,-7,1869,1053,1,-1,-1,-1
2250,40,29,-8,1868,1053,1,-1,-1,-1
2251,40,29,-8,1868,1052,1,-1,-1,-1
2252,40,29,-8,1867,1052,1,-1,-1,-1
2253,40,30,-9,1866,1052,1,-1,-1,-1
2254,40,30,-9,1865,1051,1,-1,-1,-1
2255,40,30,-9,1865,1050,1,-1,-1,-1
2256,40,31,-9,1863,1050,1,-1,-1,-1
2257,40,31,-10,1863,1050,1,-1,-1,-1
2258,40,31,-10,1862,1049,1,-1,-1,-1
2259,40,31,-10,1862,1048,1,-1,-1,-1
2260,40,32,-11,1860,1049,1,-1,-1,-1
2261,40,32,-11,1860,1048,1,-1,-1,-1
2262,40,32,-11,1859,1047,1,-1,-1,-1
2263,40,33,-11,1858,1046,1,-1,-1,-1
2264,40,33,-12,1857,1047,1,-1,-1,-1
2265,40,33,-12,1857,1046,1,-1,-1,-1
2266,40,34,-12,1855,1045,1,-1,-1,-1
2267,40,34,-13,1855,1045,1,-1,-1,-1
2268,40,34,-13,1854,1045,1,-1,-1,-1
2269,40,34,-13,1854,1044,1,-1,-1,-1
2270,40,35,-14,1852,1044,1,-1,-1,-1
2271,40,35,-14,1852,1044,1,-1,-1,-1
2272,40,35,-14,1851,1043,1,-1,-1,-1
2273,40,36,-14,1850,1042,1,-1,-1,-1
2274,40,36,-15,1849,1042,1,-1,-1,-1
2275,40,36,-15,1849,1042,1,-1,-1,-1
2276,40,36,-15,1848,1041,1,-1,-1,-1
2277,40,37,-16,1847,1041,1,-1,-1,-1
2278,40,37,-16,1846,1040,1,-1,-1,-1
2279,40,37,-16,1846,1040,1,-1,-1,-1
2280,40,38,-17,1844,1040,1,-1,-1,-1
2281,40,38,-17,1844,1039,1,-1,-1,-1
2282,40,38,-17,1843,1038,1,-1,-1,-1
2283,40,38,-17,1843,1038,1,-1,-1,-1
2284,40,39,-18,1841,1038,1,-1,-1,-1
2285,40,39,-18,1841,1037,1,-1,-1,-1
2286,40,39,-18,1840,1036,1,-1,-1,-1
2287,40,40,-19,1839,1037,1,-1,-1,-1
2288,40,40,-19,1838,1036,1,-1,-1,-1
2289,40,40,-19,1838,1035,1,-1,-1,-1
2290,40,41,-19,1836,1034,1,-1,-1,-1
2291,40,41,-20,1836,1035,1,-1,-1,-1
2292,40,41,-20,1835,1034,1,-1,-1,-1
2293,40,41,-20,1835,1033,1,-1,-1,-1
2337,43,7,103,1902,970,1,-1,-1,-1
2338,43,3,99,1908,974,1,-1,-1,-1
2339,43,6,102,1902,971,1,-1,-1,-1
2340,43,10,105,1894,966,1,-1,-1,-1
2341,43,11,107,1890,964,1,-1,-1,-1
2342,43,12,108,1887,963,1,-1,-1,-1
2343,43,13,109,1884,961,1,-1,-1,-1
2344,43,14,111,1881,959,1,-1,-1,-1
2345,43,15,112,1878,958,1,-1,-1,-1
2346,43,15,113,1876,956,1,-1,-1,-1
2347,43,16,114,1872,955,1,-1,-1,-1
2348,43,17,116,1869,953,1,-1,-1,-1
2349,43,18,117,1866,951,1,-1,-1,-1
2350,43,19,118,1863,950,1,-1,-1,-1
2351,43,20,119,1860,949,1,-1,-1,-1
2352,43,21,121,1857,947,1,-1,-1,-1
2353,43,22,122,1854,945,1,-1,-1,-1
2354,43,23,123,1850,944,1,-1,-1,-1
2355,43,24,124,1847,943,1,-1,-1,-1
2356,43,25,126,1844,940,1,-1,-1,-1
2357,43,25,127,1842,939,1,-1,-1,-1
2358,43,26,128,1839,938,1,-1,-1,-1
2359,43,27,130,1836,935,1,-1,-1,-1
2360,43,28,131,1832,934,1,-1,-1,-1
2361,43,29,132,1829,933,1,-1,-1,-1
2362,43,30,133,1826,932,1,-1,-1,-1
2363,43,31,135,1823,929,1,-1,-1,-1
2364,43,32,136,1820,928,1,-1,-1,-1
2365,43,33,137,1817,927,1,-1,-1,-1
2366,43,34,138,1814,925,1,-1,-1,-1
2367,43,35,140,1810,923,1,-1,-1,-1
2368,43,35,141,1808,922,1,-1,-1,-1
2369,43,36,142,1805,920,1,-1,-1,-1
2370,43,37,143,1802,919,1,-1,-1,-1
2371,43,38,145,1799,917,1,-1,-1,-1
2372,43,39,146,1796,916,1,-1,-1,-1
2373,43,40,147,1792,914,1,-1,-1,-1
2374,43,41,148,1789,913,1,-1,-1,-1
2375,43,42,150,1786,911,1,-1,-1,-1
2376,43,43,151,1783,909,1,-1,-1,-1
2377,43,44,152,1780,908,1,-1,-1,-1
2378,43,45,154,1777,906,1,-1,-1,-1
2379,43,45,155,1775,905,1,-1,-1,-1
2380,43,46,156,1771,903,1,-1,-1,-1
2381,43,47,157,1768,902,1,-1,-1,-1
2382,43,48,159,1765,900,1,-1,-1,-1
2383,43,49,160,1762,898,1,-1,-1,-1
2384,43,50,161,1759,897,1,-1,-1,-1
2385,43,51,162,1756,896,1,-1,-1,-1
2386,43,52,164,1752,893,1,-1,-1,-1
2387,43,53,165,1749,892,1,-1,-1,-1
2388,43,54,166,1746,891,1,-1,-1,-1
2389,43,55,167,1743,890,1,-1,-1,-1
2390,43,55,169,1741,887,1,-1,-1,-1
2391,43,56,170,1738,886,1,-1,-1,-1
2392,43,57,171,1734,885,1,-1,-1,-1
2393,43,58,172,1731,883,1,-1,-1,-1
2394,43,59,174,1728,881,1,-1,-1,-1
2395,43,60,175,1725,880,1,-1,-1,-1
2396,43,61,176,1722,878,1,-1,-1,-1
2397,43,62,178,1719,876,1,-1,-1,-1
2398,43,63,179,1716,875,1,-1,-1,-1
2399,43,64,180,1712,874,1,-1,-1,-1
2400,43,64,181,1710,872,1,-1,-1,-1
2401,43,65,183,1707,870,1,-1,-1,-1
2402,43,66,184,1704,869,1,-1,-1,-1
2403,43,67,185,1701,867,1,-1,-1,-1
2404,43,68,186,1698,866,1,-1,-1,-1
2405,43,69,188,1694,864,1,-1,-1,-1
2406,43,70,189,1691,862,1,-1,-1,-1
2407,43,71,190,1688,861,1,-1,-1,-1
2408,43,72,191,1685,860,1,-1,-1,-1
2409,43,73,193,1682,858,1,-1,-1,-1
2410,43,74,194,1679,856,1,-1,-1,-1
2556,49,267,386,1661,683,1,-1,-1,-1
2557,49,271,385,1659,683,1,-1,-1,-1
2558,49,276,385,1657,682,1,-1,-1,-1
2559,49,246,407,1609,659,1,-1,-1,-1
2560,49,265,396,1639,671,1,-1,-1,-1
2561,49,298,409,1606,657,1,-1,-1,-1
2562,49,305,412,1596,653,1,-1,-1,-1
2563,49,313,415,1586,650,1,-1,-1,-1
2564,49,320,419,1577,645,1,-1,-1,-1
2565,49,328,422,1566,641,1,-1,-1,-1
2566,49,335,425,1557,638,1,-1,-1,-1
2567,49,342,429,1548,633,1,-1,-1,-1
2568,49,350,432,1537,629,1,-1,-1,-1
2569,49,357,435,1528,626,1,-1,-1,-1
2570,49,281,391,1652,678,1,-1,-1,-1
2571,49,281,390,1654,679,1,-1,-1,-1
2572,49,282,390,1655,679,1,-1,-1,-1
2573,49,282,389,1657,681,1,-1,-1,-1
2574,49,282,388,1659,682,1,-1,-1,-1
2575,49,283,388,1660,682,1,-1,-1,-1
2576,49,283,387,1662,683,1,-1,-1,-1
2577,49,283,387,1664,683,1,-1,-1,-1
2578,49,284,386,1665,684,1,-1,-1,-1
2579,49,284,385,1667,685,1,-1,-1,-1
2580,49,284,385,1669,685,1,-1,-1,-1
2581,49,284,384,1671,686,1,-1,-1,-1
2582,49,285,384,1672,686,1,-1,-1,-1
2583,49,285,383,1674,688,1,-1,-1,-1
2584,49,285,383,1675,688,1,-1,-1,-1
2585,49,286,382,1676,689,1,-1,-1,-1
2586,49,286,381,1678,690,1,-1,-1,-1
2587,49,286,381,1680,690,1,-1,-1,-1
2588,49,297,404,1611,661,1,-1,-1,-1
2589,49,298,405,1609,659,1,-1,-1,-1
2590,49,299,406,1607,658,1,-1,-1,-1
2591,49,300,406,1605,658,1,-1,-1,-1
2592,49,301,407,1602,657,1,-1,-1,-1
2593,49,302,408,1600,655,1,-1,-1,-1
2594,49,303,408,1598,655,1,-1,-1,-1
2595,49,304,409,1595,654,1,-1,-1,-1
2596,49,305,410,1593,653,1,-1,-1,-1
2597,49,306,410,1591,652,1,-1,-1,-1
2598,49,307,411,1589,651,1,-1,-1,-1
2599,49,308,412,1586,650,1,-1,-1,-1
2600,49,309,412,1584,650,1,-1,-1,-1
2601,49,310,413,1582,648,1,-1,-1,-1
2602,49,245,435,1595,630,1,-1,-1,-1
2603,49,244,437,1590,628,1,-1,-1,-1
2604,49,243,439,1585,626,1,-1,-1,-1
2605,49,242,441,1580,624,1,-1,-1,-1
2606,49,63,356,1814,710,1,-1,-1,-1
2607,49,45,349,1831,717,1,-1,-1,-1
2608,49,27,342,1848,724,1,-1,-1,-1
2609,49,9,336,1865,730,1,-1,-1,-1
2610,49,-8,329,1881,737,1,-1,-1,-1
2611,49,-26,323,1898,743,1,-1,-1,-1
2612,49,-44,316,1915,750,1,-1,-1,-1
2613,49,-62,310,1932,756,1,-1,-1,-1
2614,49,-79,303,1948,763,1,-1,-1,-1
2615,49,-97,296,1965,770,1,-1,-1,-1
2616,49,-115,290,1982,776,1,-1,-1,-1
2617,49,-133,283,1999,783,1,-1,-1,-1
2618,49,-151,277,2016,789,1,-1,-1,-1
2619,49,-169,270,2033,796,1,-1,-1,-1
2620,49,-187,263,2050,803,1,-1,-1,-1
2621,49,-205,257,2067,809,1,-1,-1,-1
2622,49,-222,250,2083,816,1,-1,-1,-1
2623,49,-240,244,2100,822,1,-1,-1,-1
2624,49,-258,237,2117,829,1,-1,-1,-1
2625,49,-276,230,2134,836,1,-1,-1,-1
2626,49,-294,224,2151,842,1,-1,-1,-1
2627,49,-312,217,2168,849,1,-1,-1,-1
2628,49,-330,211,2185,855,1,-1,-1,-1
2629,49,-348,204,2202,862,1,-1,-1,-1
2630,49,-365,197,2218,869,1,-1,-1,-1
2631,49,-383,191,2235,875,1,-1,-1,-1
2632,49,-401,184,2252,882,1,-1,-1,-1
2633,49,-419,178,2269,888,1,-1,-1,-1
2634,49,-437,171,2286,895,1,-1,-1,-1
2635,49,-455,165,2303,901,1,-1,-1,-1
2636,49,-473,158,2320,908,1,-1,-1,-1
2637,49,-491,151,2337,915,1,-1,-1,-1
2638,49,-509,145,2354,921,1,-1,-1,-1
2639,49,-526,138,2370,928,1,-1,-1,-1
2640,49,-544,132,2387,934,1,-1,-1,-1
2641,49,-562,125,2404,941,1,-1,-1,-1
2642,49,-580,118,2421,948,1,-1,-1,-1
2643,49,-598,112,2438,954,1,-1,-1,-1
2644,49,-616,105,2455,961,1,-1,-1,-1
2645,49,-634,99,2472,967,1,-1,-1,-1
2646,49,-652,92,2489,974,1,-1,-1,-1
2647,49,-670,85,2506,981,1,-1,-1,-1
2648,49,-687,79,2522,987,1,-1,-1,-1
2649,49,-705,72,2539,994,1,-1,-1,-1
2650,49,-723,66,2556,1000,1,-1,-1,-1
2651,49,-741,59,2573,1007,1,-1,-1,-1
2652,49,-759,52,2590,1014,1,-1,-1,-1
2653,49,-777,46,2607,1020,1,-1,-1,-1
2654,49,-795,39,2624,1027,1,-1,-1,-1
2655,49,-813,33,2641,1033,1,-1,-1,-1
2656,49,-830,26,2657,1040,1,-1,-1,-1
2657,49,-848,20,2675,1046,1,-1,-1,-1
2658,49,-866,13,2692,1053,1,-1,-1,-1
2659,49,-884,6,2709,1061,1,-1,-1,-1
2660,49,-902,0,2726,1067,1,-1,-1,-1
2661,49,-920,-6,2743,1073,1,-1,-1,-1
2662,49,-938,-12,2760,1079,1,-1,-1,-1
2663,49,-956,-19,2777,1086,1,-1,-1,-1
2664,49,-974,-26,2794,1093,1,-1,-1,-1
2665,49,-991,-32,2810,1099,1,-1,-1,-1
2666,49,-1009,-39,2827,1106,1,-1,-1,-1
2667,49,-1027,-45,2844,1112,1,-1,-1,-1
2668,49,-1045,-52,2861,1119,1,-1,-1,-1
2669,49,-1063,-59,2878,1126,1,-1,-1,-1
2670,49,-1081,-65,2895,1132,1,-1,-1,-1
2671,49,-1099,-72,2912,1139,1,-1,-1,-1
2672,49,-1117,-78,2929,1145,1,-1,-1,-1
2673,49,-1134,-85,2945,1152,1,-1,-1,-1
2674,49,-1152,-91,2962,1158,1,-1,-1,-1
2675,49,-1170,-98,2979,1165,1,-1,-1,-1
2676,49,-1188,-105,2996,1172,1,-1,-1,-1